timestamps:
  login: 1699643198561
  logout: 1699643220114
ipAddress: 127.0.0.1
logoutlocation:
  world: world
  x: 587.3280356502755
  y: 72.0
  z: -129.05704580020608
  yaw: 57.768833
  pitch: 39.0
