timestamps:
  login: 1699381439952
  logout: 1699381459140
ipAddress: 127.0.0.1
afk: false
logoutlocation:
  world: world
  x: 377.3803235714062
  y: 51.98999953269889
  z: 313.47375660759826
  yaw: 252.60005
  pitch: 30.000002
