timestamps:
  login: 1702062167728
  logout: 1702062350368
ipAddress: 127.0.0.1
logoutlocation:
  world: world
  x: 311.11753205949543
  y: 63.0
  z: -25.753283495727082
  yaw: 91.65057
  pitch: 32.25001
