timestamps:
  login: 1701985491356
  logout: 1701985621401
ipAddress: 127.0.0.1
logoutlocation:
  world: world
  x: 201.17201445258996
  y: 65.0
  z: 306.8329842468413
  yaw: 39.599995
  pitch: 14.700001
