timestamps:
  login: 1701880467534
  logout: 1701880574209
ipAddress: 127.0.0.1
logoutlocation:
  world: world
  x: 209.24427306900589
  y: 66.16610926093821
  z: 126.54192548422012
  yaw: -282.30002
  pitch: 23.700003
