timestamps:
  login: 1699149745926
  logout: 1699151188032
ipAddress: 127.0.0.1
logoutlocation:
  world: world
  x: 142.0332428839333
  y: 66.99478705433059
  z: 306.1421249234633
  yaw: 260.40057
  pitch: 61.8
