timestamps:
  login: 1701801338538
  logout: 1701801370585
ipAddress: 127.0.0.1
logoutlocation:
  world: world
  x: 175.74581072225124
  y: 64.0
  z: 137.69368060644524
  yaw: 19.200043
  pitch: 27.150002
