timestamps:
  login: 1701881715159
  logout: 1701881779532
ipAddress: 127.0.0.1
logoutlocation:
  world: world
  x: 135.40175476715234
  y: 57.0
  z: 142.35758001375106
  yaw: 189.15015
  pitch: 28.949995
