timestamps:
  login: 1702178905971
  logout: 1702179064093
ipAddress: 127.0.0.1
logoutlocation:
  world: world
  x: 226.19407233718073
  y: 64.0
  z: 228.41606404905724
  yaw: -151.95001
  pitch: 1.6500001
