timestamps:
  login: 1702062678423
ipAddress: 127.0.0.1
logoutlocation:
  world: world
  x: 217.15410634959764
  y: 65.0
  z: 216.34788394557748
  yaw: 35.100002
  pitch: 15.150002
