timestamps:
  login: 1699290437282
  logout: 1699290498688
ipAddress: 127.0.0.1
logoutlocation:
  world: world
  x: 222.66294319963342
  y: 62.0
  z: 179.38610524588285
  yaw: -352.9687
  pitch: 8.700008
