timestamps:
  login: 1702050902292
  logout: 1702050970545
ipAddress: 127.0.0.1
logoutlocation:
  world: world
  x: 211.89591375285733
  y: 64.0
  z: 162.788484274732
  yaw: 184.20007
  pitch: 36.149994
