timestamps:
  login: 1702256898855
  logout: 1702256826314
ipAddress: 127.0.0.1
lastlocation:
  world: world
  x: 374.30000001192093
  y: 65.99659062504456
  z: 121.30928956344474
  yaw: 282.3001
  pitch: 16.650002
logoutlocation:
  world: world
  x: 339.46101887924476
  y: 74.0
  z: 133.78662698222
  yaw: 178.2002
  pitch: 16.199999
