timestamps:
  login: 1702051734246
  logout: 1702051776633
ipAddress: 127.0.0.1
logoutlocation:
  world: world
  x: 264.69999998807907
  y: 64.0
  z: 122.01615239896945
  yaw: 262.95
  pitch: 31.500002
