timestamps:
  login: 1702062640376
ipAddress: 127.0.0.1
logoutlocation:
  world: world
  x: 213.37749808187596
  y: 64.0
  z: 217.92932237072006
  yaw: -88.350006
  pitch: 15.150002
