timestamps:
  login: 1699304161135
  logout: 1699304447106
ipAddress: 127.0.0.1
logoutlocation:
  world: world
  x: -35.76144994487292
  y: 72.0
  z: 372.8425131841617
  yaw: 176.49384
  pitch: 13.856242
