timestamps:
  login: 1701985505517
  logout: 1701985713426
ipAddress: 127.0.0.1
logoutlocation:
  world: world
  x: 201.62030822744794
  y: 65.0
  z: 309.4800734881873
  yaw: 235.65002
  pitch: 21.45001
