timestamps:
  login: 1698845185737
  logout: 1698845369687
ipAddress: 127.0.0.1
logoutlocation:
  world: world
  x: 188.58337243394695
  y: 68.0
  z: 185.1037101761027
  yaw: 90.30001
  pitch: 32.250004
