timestamps:
  login: 1702052542118
  logout: 1702052564760
ipAddress: 127.0.0.1
logoutlocation:
  world: world
  x: 282.41547927291265
  y: 63.0
  z: 234.98330683912576
  yaw: 271.35004
  pitch: 1.9500083
