timestamps:
  login: 1698174340226
  logout: 1698174358655
ipAddress: 127.0.0.1
logoutlocation:
  world: world
  x: 220.8595679505022
  y: 64.0
  z: 211.30000001192093
  yaw: -138.6001
  pitch: 38.550003
