timestamps:
  login: 1702143852874
  logout: 1702145969802
  lastteleport: 1702144812553
ipAddress: 127.0.0.1
lastlocation:
  world: world
  x: 224.5
  y: 66.0
  z: 208.5
  yaw: 0.0
  pitch: 0.0
logoutlocation:
  world: world
  x: 144.90365804370475
  y: 22.0
  z: 157.86759099250543
  yaw: 27.057251
  pitch: 20.549994
