timestamps:
  login: 1702052884130
  logout: 1702052897256
ipAddress: 127.0.0.1
logoutlocation:
  world: world
  x: 209.22615511268893
  y: 59.0
  z: 207.10442637028373
  yaw: 113.55001
  pitch: 13.0499935
