timestamps:
  login: 1696347712085
  logout: 1696348576834
ipAddress: 127.0.0.1
logoutlocation:
  world: world
  x: 251.8020247747879
  y: 64.0
  z: 180.5555723960217
  yaw: 148.65001
  pitch: 25.95001
