timestamps:
  login: 1699463278114
  logout: 1699463340674
ipAddress: 127.0.0.1
logoutlocation:
  world: world
  x: 223.88847794855053
  y: 64.0
  z: 222.6117109197767
  yaw: -67.95004
  pitch: 21.149994
