timestamps:
  login: 1702087052704
  logout: 1702087207146
ipAddress: 127.0.0.1
logoutlocation:
  world: world
  x: 230.69999998807907
  y: 77.0
  z: 205.30000001192093
  yaw: 70.20004
  pitch: 34.50001
