timestamps:
  login: 1699461633735
  logout: 1699461478525
ipAddress: 127.0.0.1
logoutlocation:
  world: world
  x: 218.30000001192093
  y: 64.0
  z: 161.99468866675775
  yaw: 54.450043
  pitch: 39.600002
