timestamps:
  login: 1701893421721
  logout: 1701893538115
ipAddress: 127.0.0.1
logoutlocation:
  world: world
  x: 280.1936299296781
  y: 65.0
  z: 236.6534531369208
  yaw: 348.9001
  pitch: -27.450003
