timestamps:
  login: 1701900686463
  logout: 1701901196055
ipAddress: 127.0.0.1
logoutlocation:
  world: world
  x: 184.06895360239486
  y: 15.0
  z: 149.49531253026535
  yaw: 100.088135
  pitch: 23.10001
lastlocation:
  world: world
  x: 182.69999998807907
  y: 6.0
  z: 134.59119092941646
  yaw: 121.34994
  pitch: 57.299995
