timestamps:
  login: 1701886428852
  logout: 1701886462607
ipAddress: 127.0.0.1
logoutlocation:
  world: world
  x: 240.1812859487581
  y: 65.0
  z: 194.90819705695537
  yaw: -57.600006
  pitch: 23.100002
