timestamps:
  login: 1699316163459
  logout: 1699316248969
ipAddress: 127.0.0.1
logoutlocation:
  world: world
  x: 219.5
  y: 65.0
  z: 208.5
  yaw: 83.25001
  pitch: 38.400005
