timestamps:
  login: 1701781811126
  logout: 1701781878251
ipAddress: 127.0.0.1
logoutlocation:
  world: world
  x: 225.5
  y: 67.0
  z: 210.5
  yaw: -345.60004
  pitch: -22.799994
