timestamps:
  login: 1699389120403
  logout: 1699389242071
ipAddress: 127.0.0.1
logoutlocation:
  world: world
  x: 227.5
  y: 63.0
  z: 213.5
  yaw: -2.1000001
  pitch: 36.750004
