timestamps:
  login: 1701893370637
  logout: 1701893538115
ipAddress: 127.0.0.1
logoutlocation:
  world: world
  x: 344.87381443044467
  y: 65.41999998688698
  z: 346.30000001192093
  yaw: -161.1
  pitch: 26.7
