timestamps:
  login: 1696345388196
  logout: 1696345401834
ipAddress: 127.0.0.1
logoutlocation:
  world: world
  x: 223.5
  y: 66.0
  z: 210.5
  yaw: -96.30001
  pitch: -22.200003
