timestamps:
  login: 1699653239501
  logout: 1699653286939
ipAddress: 127.0.0.1
logoutlocation:
  world: world
  x: 214.5
  y: 61.0
  z: 213.5
  yaw: -113.55005
  pitch: 1.9500083
