timestamps:
  login: 1699680898497
  logout: 1699680933147
ipAddress: 127.0.0.1
logoutlocation:
  world: world
  x: 218.5
  y: 65.0
  z: 204.5
  yaw: 160.05002
  pitch: 55.199997
