timestamps:
  login: 1702057081471
  logout: 1702057100167
ipAddress: 127.0.0.1
logoutlocation:
  world: world
  x: 232.5
  y: 90.0
  z: 208.5
  yaw: -156.00002
  pitch: -33.000004
