timestamps:
  login: 1701712015159
  logout: 1701712131205
ipAddress: 127.0.0.1
logoutlocation:
  world: world
  x: 227.14079308546906
  y: 64.0
  z: 217.25878082937024
  yaw: -201.15002
  pitch: 23.849995
