timestamps:
  login: 1719429495985
  logout: 1719429571635
ipAddress: 127.0.0.1
logoutlocation:
  world: world
  x: 222.5
  y: 64.0
  z: 215.5
  yaw: -55.41513
  pitch: 36.796516
