timestamps:
  login: 1702174158352
  logout: 1702174279743
ipAddress: 127.0.0.1
logoutlocation:
  world: world
  x: 346.41289400868
  y: 70.0
  z: 169.7448177675122
  yaw: -161.40018
  pitch: 5.0999923
