timestamps:
  login: 1699410561829
  logout: 1699410723883
ipAddress: 127.0.0.1
logoutlocation:
  world: world
  x: 215.63591712403058
  y: 65.0
  z: 166.7639028107719
  yaw: 270.1313
  pitch: 9.449993
