timestamps:
  login: 1699462433516
  logout: 1699462553435
ipAddress: 127.0.0.1
logoutlocation:
  world: world
  x: 195.88227446422485
  y: 64.0
  z: 204.2051517958448
  yaw: -208.7063
  pitch: -6.975001
