timestamps:
  login: 1699462421621
  logout: 1699462553435
ipAddress: 127.0.0.1
logoutlocation:
  world: world
  x: 188.5984253586376
  y: 64.10408037809304
  z: 207.7604368148045
  yaw: -196.05
  pitch: 18.45001
