timestamps:
  login: 1735864836308
  logout: 1735864923408
ipAddress: 127.0.0.1
logoutlocation:
  world: world
  x: 266.90253339088036
  y: 63.0
  z: 256.98863206033354
  yaw: 13.200001
  pitch: 9.300001
