timestamps:
  login: 1699023810165
  logout: 1699023845836
ipAddress: 127.0.0.1
logoutlocation:
  world: world
  x: 226.74988795527142
  y: 64.0
  z: 159.92937687168947
  yaw: -223.20003
  pitch: 8.400001
