timestamps:
  login: 1698875789418
  logout: 1698875802559
ipAddress: 127.0.0.1
logoutlocation:
  world: world
  x: 215.5
  y: 65.0
  z: 202.5
  yaw: -5.8500004
  pitch: -1.6500001
