timestamps:
  login: 1696266000911
  logout: 1696266100547
ipAddress: 127.0.0.1
logoutlocation:
  world: world
  x: 220.5
  y: 64.0
  z: 212.5
  yaw: -39.900005
  pitch: -71.700005
