timestamps:
  login: 1698840010605
  logout: 1698840049687
ipAddress: 127.0.0.1
logoutlocation:
  world: world
  x: 224.5
  y: 65.0
  z: 216.5
  yaw: -47.850006
  pitch: -39.300003
