timestamps:
  login: 1696479542269
  logout: 1696479633146
ipAddress: 127.0.0.1
logoutlocation:
  world: world
  x: 342.99419785799233
  y: 63.78608123157454
  z: 266.9602408103477
  yaw: 58.050007
  pitch: 25.499994
