timestamps:
  login: 1701990816504
  logout: 1701990961662
ipAddress: 127.0.0.1
logoutlocation:
  world: world
  x: 241.05944103998112
  y: 63.390172299360344
  z: 231.30000001192093
  yaw: 137.1
  pitch: 8.400001
lastlocation:
  world: world
  x: 154.48400202479277
  y: 68.78502770378924
  z: 187.65421869831187
  yaw: 156.00002
  pitch: 25.650002
