timestamps:
  login: 1701793771063
  logout: 1701793837136
ipAddress: 127.0.0.1
logoutlocation:
  world: world
  x: 135.30000001192093
  y: 55.5
  z: 140.97649716906213
  yaw: 177.45056
  pitch: 39.149994
