timestamps:
  login: 1699024587467
  logout: 1699024689215
ipAddress: 127.0.0.1
logoutlocation:
  world: world
  x: 224.60226218978397
  y: 68.0
  z: 211.9783783733192
  yaw: -161.55002
  pitch: 17.25
