timestamps:
  login: 1699555534732
  logout: 1699537636246
ipAddress: 127.0.0.1
logoutlocation:
  world: world
  x: 119.06960984069104
  y: 66.0
  z: 296.05923542473056
  yaw: 128.25003
  pitch: 7.950001
