timestamps:
  login: 1701881394441
  logout: 1701881461539
ipAddress: 127.0.0.1
logoutlocation:
  world: world
  x: 340.30000001192093
  y: 64.0
  z: 303.6999999880791
  yaw: -68.850006
  pitch: 48.750004
