logoutlocation:
  world: world
  x: 212.7309114097737
  y: 64.0
  z: 218.8401922976585
  yaw: 92.25001
  pitch: -66.00001
timestamps:
  login: 1701709449386
ipAddress: 127.0.0.1
