timestamps:
  login: 1696206604674
  logout: 1696206621024
ipAddress: 127.0.0.1
logoutlocation:
  world: world
  x: 230.5
  y: 65.0
  z: 212.5
  yaw: -13.800001
  pitch: 23.100002
