timestamps:
  login: 1699189568694
  logout: 1699189652539
ipAddress: 127.0.0.1
logoutlocation:
  world: world
  x: 80.32124870648045
  y: 77.0
  z: 190.04801608030334
  yaw: 237.22394
  pitch: 33.835262
