timestamps:
  login: 1701723786600
  logout: 1701723810688
ipAddress: 127.0.0.1
logoutlocation:
  world: world
  x: 218.5
  y: 64.0
  z: 215.5
  yaw: 111.30001
  pitch: -39.750004
