timestamps:
  login: 1696528848620
  logout: 1696528894752
ipAddress: 127.0.0.1
logoutlocation:
  world: world
  x: 210.81693979152405
  y: 67.0
  z: 192.56972466969734
  yaw: -208.35002
  pitch: 15.600001
