timestamps:
  login: 1698980201565
  logout: 1698980224076
ipAddress: 127.0.0.1
logoutlocation:
  world: world
  x: 215.5
  y: 65.0
  z: 200.5
  yaw: 56.700005
  pitch: 30.450003
