timestamps:
  login: 1696413570024
  logout: 1696413977412
ipAddress: 127.0.0.1
logoutlocation:
  world: world
  x: 229.69999998807907
  y: 62.0
  z: 137.69999998807907
  yaw: 100.0208
  pitch: 32.686333
lastlocation:
  world: world
  x: 4.054749580771549
  y: 71.0
  z: 4.9983943142780625
  yaw: -117.308624
  pitch: 24.420282
