timestamps:
  login: 1699640944794
  logout: 1699640951238
ipAddress: 127.0.0.1
logoutlocation:
  world: world
  x: 226.5
  y: 66.0
  z: 205.5
  yaw: 91.80001
  pitch: 10.050001
