timestamps:
  login: 1701871765323
  logout: 1701871808087
ipAddress: 127.0.0.1
logoutlocation:
  world: world
  x: 223.5
  y: 67.0
  z: 212.5
  yaw: 16.050001
  pitch: 48.300003
