timestamps:
  login: 1699278157526
  logout: 1699278176805
ipAddress: 127.0.0.1
logoutlocation:
  world: world
  x: 233.5
  y: 64.0
  z: 204.5
  yaw: 42.600002
  pitch: 7.350001
