timestamps:
  login: 1699684830562
  logout: 1699685164012
ipAddress: 127.0.0.1
logoutlocation:
  world: world
  x: 224.5
  y: 66.0
  z: 208.5
  yaw: 72.3
  pitch: -15.450002
lastlocation:
  world: world
  x: 178.68665392464283
  y: 32.01251965427817
  z: 187.30000001192093
  yaw: 186.84387
  pitch: 61.200012
