timestamps:
  login: 1696511780944
  logout: 1696511841027
ipAddress: 127.0.0.1
logoutlocation:
  world: world
  x: 228.5
  y: 66.0
  z: 209.5
  yaw: -84.00001
  pitch: -35.850002
