timestamps:
  login: 1701792073855
  logout: 1701792090514
ipAddress: 127.0.0.1
logoutlocation:
  world: world
  x: 232.5
  y: 65.0
  z: 201.5
  yaw: -83.700005
  pitch: -38.850002
