timestamps:
  login: 1698909049955
  kits:
    tools: 1698909119147
  logout: 1698909241807
ipAddress: 127.0.0.1
logoutlocation:
  world: world
  x: 172.5654048451397
  y: 64.0
  z: 67.30000001192091
  yaw: -182.55002
  pitch: 28.950003
