timestamps:
  login: 1699231484916
  logout: 1699231515371
ipAddress: 127.0.0.1
logoutlocation:
  world: world
  x: 229.5
  y: 64.0
  z: 217.5
  yaw: 49.050003
  pitch: 79.200005
