timestamps:
  login: 1702043717270
  lastteleport: 1702044021537
ipAddress: 127.0.0.1
lastlocation:
  world: world_nether
  x: -9.300000011920933
  y: 49.0
  z: 43.69999998807907
  yaw: 300.15002
  pitch: 38.399994
