timestamps:
  login: 1696421298114
  logout: 1696421344915
ipAddress: 127.0.0.1
logoutlocation:
  world: world
  x: 203.69999998807907
  y: 64.0
  z: 224.18189393525813
  yaw: -88.50012
  pitch: 31.2
