timestamps:
  login: 1701985491745
  logout: 1701985621401
ipAddress: 127.0.0.1
logoutlocation:
  world: world
  x: 206.12066951066222
  y: 62.0
  z: 305.30000001192093
  yaw: -110.10013
  pitch: 39.15
lastlocation:
  world: world
  x: 163.58958094544388
  y: 69.0
  z: 192.46195897997376
  yaw: -142.35005
  pitch: 25.800001
