timestamps:
  login: 1702178752279
  logout: 1702179136591
ipAddress: 127.0.0.1
logoutlocation:
  world: world
  x: 216.55861625878998
  y: 65.0
  z: 186.57264112628974
  yaw: 117.15001
  pitch: -32.85001
lastlocation:
  world: world
  x: 205.26555545307662
  y: 60.0
  z: 219.68232236448904
  yaw: 85.350044
  pitch: 30.300009
