timestamps:
  login: 1701797283847
  logout: 1701797431589
ipAddress: 127.0.0.1
logoutlocation:
  world: world
  x: 258.6999999880792
  y: 63.0
  z: 198.69999998807907
  yaw: -204.15002
  pitch: 12.150002
