timestamps:
  login: 1696241971297
  logout: 1696242194243
ipAddress: 127.0.0.1
logoutlocation:
  world: world
  x: 353.2475090857498
  y: 54.0
  z: 108.36193053899174
  yaw: 90.450134
  pitch: 49.650005
