timestamps:
  login: 1696358527866
  logout: 1696358916834
ipAddress: 127.0.0.1
lastlocation:
  world: world
  x: 83.30000001192091
  y: 61.0
  z: 362.6999999880791
  yaw: 69.6001
  pitch: -88.05
logoutlocation:
  world: world
  x: 83.30000001192091
  y: 61.0
  z: 362.6999999880791
  yaw: 69.6001
  pitch: -88.05
