timestamps:
  login: 1699903098370
  logout: 1699903140884
ipAddress: 127.0.0.1
logoutlocation:
  world: world
  x: 81.40800926529796
  y: 63.0
  z: 15.935627796702274
  yaw: 281.40005
  pitch: 39.899998
