timestamps:
  login: 1701972548169
  logout: 1701972863633
ipAddress: 127.0.0.1
logoutlocation:
  world: world
  x: 203.65863524771098
  y: 62.45168629340797
  z: 214.7525403777151
  yaw: 23.100037
  pitch: 11.849993
lastlocation:
  world: world
  x: 203.9063884113025
  y: 61.12499999530613
  z: 214.25761629790398
  yaw: 21.75003
  pitch: 7.6499925
