timestamps:
  login: 1701723878781
  logout: 1701723965687
ipAddress: 127.0.0.1
logoutlocation:
  world: world
  x: 226.69712170148352
  y: 64.0
  z: 225.5991818799737
  yaw: -178.80002
  pitch: 30.750002
