timestamps:
  login: 1699638405423
  logout: 1699638414593
ipAddress: 127.0.0.1
logoutlocation:
  world: world
  x: 226.9508209318769
  y: 63.0
  z: 212.26507669192398
  yaw: 315.60004
  pitch: 7.950001
