timestamps:
  login: 1699299158131
  logout: 1699299181313
ipAddress: 127.0.0.1
logoutlocation:
  world: world
  x: 217.62040396228667
  y: 64.0
  z: 221.76703953751124
  yaw: 174.30011
  pitch: 19.349993
