timestamps:
  login: 1699643934791
  logout: 1699644057950
ipAddress: 127.0.0.1
logoutlocation:
  world: world
  x: 227.12286517590792
  y: 63.0
  z: 181.48305110337512
  yaw: 109.20001
  pitch: 25.950003
