timestamps:
  login: 1701713250858
  logout: 1701714353501
ipAddress: 127.0.0.1
logoutlocation:
  world: world
  x: 177.42936790369941
  y: 14.0
  z: 126.31354437778668
  yaw: 19.349718
  pitch: 22.500008
afk: false
