timestamps:
  login: 1722462099613
  logout: 1722462522708
ipAddress: 127.0.0.1
logoutlocation:
  world: world
  x: 271.69999998807907
  y: 62.635885005354886
  z: 260.69999998807896
  yaw: -133.05011
  pitch: 25.499994
