timestamps:
  login: 1701984961240
  logout: 1701985043191
ipAddress: 127.0.0.1
logoutlocation:
  world: world
  x: 224.5
  y: 66.0
  z: 208.5
  yaw: 0.0
  pitch: 0.0
lastlocation:
  world: world
  x: 238.69999998807907
  y: 63.0
  z: 183.5276493440786
  yaw: -278.7
  pitch: 41.099995
