timestamps:
  login: 1701989255626
  logout: 1701989310155
ipAddress: 127.0.0.1
logoutlocation:
  world: world
  x: 229.30348346148304
  y: 62.0
  z: 212.4822295299196
  yaw: 214.20001
  pitch: -89.85
