timestamps:
  login: 1699561190432
  logout: 1699561339800
ipAddress: 127.0.0.1
logoutlocation:
  world: world
  x: 217.5675266289543
  y: 64.0
  z: 162.33685628156934
  yaw: 208.05002
  pitch: -90.0
