logoutlocation:
  world: world
  x: 225.5
  y: 66.0
  z: 213.5
  yaw: -2.7000003
  pitch: -9.900001
