timestamps:
  login: 1701971277724
ipAddress: 127.0.0.1
logoutlocation:
  world: world
  x: 219.60576706170423
  y: 64.0
  z: 214.8261755489138
  yaw: 178.93126
  pitch: 11.812501
