timestamps:
  login: 1701990848752
  logout: 1701990961662
ipAddress: 127.0.0.1
logoutlocation:
  world: world
  x: 260.5148890337939
  y: 75.0
  z: 140.30000001192093
  yaw: 184.05005
  pitch: -41.550003
