timestamps:
  login: 1699367207071
  logout: 1699367325676
ipAddress: 127.0.0.1
logoutlocation:
  world: world
  x: 229.76804543119366
  y: 64.0
  z: 193.6586406734743
  yaw: 207.90002
  pitch: 14.71875
