timestamps:
  login: 1699000706422
  logout: 1699000721423
ipAddress: 127.0.0.1
logoutlocation:
  world: world
  x: 195.57782600236314
  y: 66.0
  z: 231.60852250144876
  yaw: -241.50002
  pitch: -1.0500082
