timestamps:
  login: 1699656453376
  logout: 1699656458638
ipAddress: 127.0.0.1
logoutlocation:
  world: world
  x: 218.5
  y: 65.0
  z: 203.5
  yaw: 37.350002
  pitch: -15.150002
