timestamps:
  login: 1696503010958
  logout: 1696503037508
ipAddress: 127.0.0.1
logoutlocation:
  world: world
  x: 214.14864427988195
  y: 66.0
  z: 300.3667212262055
  yaw: -56.700012
  pitch: 14.399993
