timestamps:
  login: 1702293977837
  logout: 1702294162786
ipAddress: 127.0.0.1
logoutlocation:
  world: world
  x: 228.49036492762193
  y: 65.0
  z: 241.63929777709856
  yaw: -24.150002
  pitch: 0.6000001
lastlocation:
  world: world
  x: 270.41638277401665
  y: 64.0
  z: 274.3748109673744
  yaw: 73.33126
  pitch: 7.800009
