timestamps:
  login: 1699000747503
ipAddress: 127.0.0.1
logoutlocation:
  world: world
  x: 112.24031037707788
  y: 67.0
  z: 211.03404567953626
  yaw: 14.850037
  pitch: 35.850002
