timestamps:
  login: 1701919084134
  logout: 1701919127689
ipAddress: 127.0.0.1
logoutlocation:
  world: world
  x: 234.38976445188888
  y: 67.0
  z: 294.6126370594998
  yaw: -9.150001
  pitch: 17.7
