timestamps:
  login: 1701899530974
  logout: 1701899702646
ipAddress: 127.0.0.1
lastlocation:
  world: world
  x: 144.30000001192093
  y: 21.0
  z: 158.69999998807907
  yaw: -121.89404
  pitch: 55.049995
logoutlocation:
  world: world
  x: 144.30000001192093
  y: 21.0
  z: 158.69999998807907
  yaw: -121.89404
  pitch: 55.049995
