timestamps:
  login: 1701803052440
  logout: 1701803117617
ipAddress: 127.0.0.1
logoutlocation:
  world: world
  x: 165.49446245050876
  y: 27.0
  z: 145.84821927233017
  yaw: -63.600098
  pitch: 39.149994
