timestamps:
  login: 1699632550795
  logout: 1699632558035
ipAddress: 127.0.0.1
logoutlocation:
  world: world
  x: 216.5
  y: 61.0
  z: 213.5
  yaw: 121.80001
  pitch: 20.400002
