timestamps:
  login: 1696413533713
  logout: 1696414547412
ipAddress: 127.0.0.1
lastlocation:
  world: world
  x: 199.49974305233584
  y: 61.24999999061227
  z: 213.30000001192093
  yaw: 186.00012
  pitch: 45.149998
logoutlocation:
  world: world
  x: 471.2463390082631
  y: 69.0
  z: 274.0351124810226
  yaw: 47.700043
  pitch: 76.95
