timestamps:
  login: 1699137885046
  logout: 1699137865006
ipAddress: 127.0.0.1
logoutlocation:
  world: world
  x: 237.88945018808175
  y: 81.0
  z: 183.99747472128126
  yaw: 209.25006
  pitch: 71.85
