timestamps:
  login: 1699554122840
  logout: 1699537636246
ipAddress: 127.0.0.1
logoutlocation:
  world: world
  x: -88.32930958114338
  y: 64.0
  z: -362.6995385347627
  yaw: 220.3501
  pitch: 24.15
lastlocation:
  world: world
  x: 372.10373784487126
  y: -180.5366972442275
  z: 343.2984018719822
  yaw: -37.74375
  pitch: 58.406254
