timestamps:
  login: 1696507751177
  logout: 1696507756026
ipAddress: 127.0.0.1
logoutlocation:
  world: world
  x: 226.08289516949787
  y: 66.0
  z: 205.42024980956612
  yaw: 123.15001
  pitch: 16.95
