timestamps:
  login: 1699386741974
  logout: 1699386845592
ipAddress: 127.0.0.1
logoutlocation:
  world: world
  x: 448.30000001192093
  y: 65.0
  z: 24.300000011920925
  yaw: 359.55002
  pitch: 18.599993
