timestamps:
  login: 1702303437475
  logout: 1702303505857
ipAddress: 127.0.0.1
logoutlocation:
  world: world
  x: 316.95049550724343
  y: 73.0
  z: 399.67768274802273
  yaw: 323.25006
  pitch: 23.7
