timestamps:
  login: 1735852050551
  logout: 1735852078501
ipAddress: 127.0.0.1
logoutlocation:
  world: world
  x: 286.7258191525828
  y: 63.0
  z: 239.57957737931025
  yaw: 323.5314
  pitch: 29.099993
