timestamps:
  login: 1719366346237
  logout: 1719359727322
ipAddress: 127.0.0.1
logoutlocation:
  world: world
  x: 260.2311901293627
  y: 19.0
  z: 286.1822922280166
  yaw: 246.15009
  pitch: 15.749993
lastlocation:
  world: world
  x: 251.60492741478558
  y: 49.0
  z: 245.60579260939488
  yaw: -267.00012
  pitch: 59.399998
