timestamps:
  login: 1701984891086
  logout: 1701985043191
ipAddress: 127.0.0.1
logoutlocation:
  world: world
  x: 238.46103593254807
  y: 65.0
  z: 182.34438675951168
  yaw: -48.599964
  pitch: 82.500015
