timestamps:
  login: 1701879214787
  logout: 1701879152926
ipAddress: 127.0.0.1
logoutlocation:
  world: world
  x: 229.62279162141388
  y: 64.0
  z: 171.18245181703656
  yaw: 348.15005
  pitch: 11.850001
lastlocation:
  world: world
  x: 238.451295344285
  y: 10.0
  z: 177.96001434307612
  yaw: 32.55011
  pitch: 12.15
