timestamps:
  login: 1696512133126
  logout: 1696512151063
ipAddress: 127.0.0.1
logoutlocation:
  world: world
  x: 308.30000001192093
  y: 67.0
  z: 167.03655369667314
  yaw: 243.45013
  pitch: 88.2
lastlocation:
  world: world
  x: 308.30000001192093
  y: 67.0
  z: 167.03655369667314
  yaw: 243.45013
  pitch: 88.2
