timestamps:
  login: 1699614755633
  logout: 1699614011527
ipAddress: 127.0.0.1
logoutlocation:
  world: world
  x: 236.157532621469
  y: 63.0
  z: 217.92204145378253
  yaw: 195.76895
  pitch: -3.300008
