timestamps:
  login: 1699028341616
  logout: 1699028366577
ipAddress: 127.0.0.1
logoutlocation:
  world: world
  x: 238.99841059750312
  y: 84.0
  z: 171.89504781028253
  yaw: -105.71252
  pitch: 12.825001
