timestamps:
  login: 1701800414003
  logout: 1701800604369
ipAddress: 127.0.0.1
logoutlocation:
  world: world
  x: 258.5083991262569
  y: 63.0
  z: 208.41372952676662
  yaw: 356.85004
  pitch: 44.850002
