timestamps:
  login: 1699449948927
  logout: 1699450131379
ipAddress: 127.0.0.1
logoutlocation:
  world: world
  x: 188.3920630170668
  y: 66.0
  z: 163.68318020777426
  yaw: 15.000001
  pitch: 22.950003
