timestamps:
  login: 1702303435918
  logout: 1702303442182
ipAddress: 127.0.0.1
logoutlocation:
  world: world
  x: 194.89416155604664
  y: 59.0
  z: 154.31119293962408
  yaw: -63.750008
  pitch: 43.499996
