timestamps:
  login: 1699382239668
  logout: 1699382144141
ipAddress: 127.0.0.1
logoutlocation:
  world: world
  x: 210.47991386267347
  y: 64.0
  z: 222.2391218784449
  yaw: 101.40015
  pitch: 8.5499935
