timestamps:
  login: 1699296729240
  logout: 1699297780853
ipAddress: 127.0.0.1
logoutlocation:
  world: world
  x: 259.59656436955004
  y: 63.0
  z: 209.39367950574777
  yaw: -130.0503
  pitch: 69.750015
lastlocation:
  world: world
  x: 259.309826477319
  y: 63.0
  z: 209.69936886016822
  yaw: -153.00037
  pitch: -32.099995
