timestamps:
  login: 1701901342038
  logout: 1701901363555
ipAddress: 127.0.0.1
logoutlocation:
  world: world
  x: 212.30000001192093
  y: 56.0
  z: 207.30000001192093
  yaw: 132.15001
  pitch: -3.1500003
