timestamps:
  login: 1701973818056
  logout: 1701973855359
ipAddress: 127.0.0.1
logoutlocation:
  world: world
  x: 201.7492249102452
  y: 65.0
  z: 150.92071890678878
  yaw: -221.40002
  pitch: 7.6500006
