timestamps:
  login: 1701816157746
ipAddress: 127.0.0.1
logoutlocation:
  world: world
  x: 211.30000001192093
  y: 62.0
  z: 214.69999998807907
  yaw: -282.15002
  pitch: 7.5000005
