timestamps:
  login: 1701786943972
  logout: 1701786972033
ipAddress: 127.0.0.1
logoutlocation:
  world: world
  x: 217.79257887088386
  y: 66.0
  z: 240.16305717292704
  yaw: -42.666534
  pitch: 1.2961026
