timestamps:
  login: 1701649841776
  logout: 1701649872835
ipAddress: 127.0.0.1
logoutlocation:
  world: world
  x: 210.43540707749327
  y: 64.0
  z: 170.69999998807907
  yaw: 47.700043
  pitch: 15.000001
