timestamps:
  login: 1701969360044
  logout: 1701799181811
  lastteleport: 1701796489123
ipAddress: 127.0.0.1
logoutlocation:
  world: world
  x: 216.5
  y: 61.0
  z: 211.5
  yaw: 0.0
  pitch: 0.0
lastlocation:
  world: world
  x: 224.5
  y: 66.0
  z: 208.5
  yaw: 28.200003
  pitch: 6.6000004
