timestamps:
  login: 1701781898889
  logout: 1701781993248
ipAddress: 127.0.0.1
logoutlocation:
  world: world
  x: 338.10267037866254
  y: 64.0
  z: 184.83552515755522
  yaw: 15.450002
  pitch: 17.850002
