timestamps:
  login: 1699054702435
  logout: 1699054764975
ipAddress: 127.0.0.1
logoutlocation:
  world: world
  x: 172.12304089291678
  y: 69.0
  z: 288.5625258871314
  yaw: 163.50002
  pitch: 19.350002
