timestamps:
  login: 1719427865032
  logout: 1719428399135
ipAddress: 127.0.0.1
logoutlocation:
  world: world
  x: 209.9788578736652
  y: 64.0
  z: 217.65781719307952
  yaw: 212.20175
  pitch: -4.2152476
lastlocation:
  world: world
  x: 256.84261682392184
  y: 64.16610926093821
  z: 226.22607835337598
  yaw: -152.07242
  pitch: 8.390055
