timestamps:
  login: 1735871524712
  logout: 1735871530862
ipAddress: 127.0.0.1
logoutlocation:
  world: world
  x: 220.5
  y: 64.0
  z: 205.5
  yaw: -2.4998105
  pitch: 1.3887836
