timestamps:
  login: 1722650320173
  logout: 1722654712323
ipAddress: 127.0.0.1
afk: false
logoutlocation:
  world: world
  x: 283.06137617325044
  y: 66.0
  z: 238.6487198437297
  yaw: -333.9099
  pitch: 11.117097
