timestamps:
  login: 1702054651788
  logout: 1702054687356
ipAddress: 127.0.0.1
logoutlocation:
  world: world
  x: 284.7853793299916
  y: 63.0
  z: 237.4337950011108
  yaw: -224.70003
  pitch: 23.400011
