timestamps:
  login: 1699385146350
  logout: 1699385195948
ipAddress: 127.0.0.1
logoutlocation:
  world: world
  x: 346.04184683767613
  y: 77.02806170164187
  z: 492.1959905968381
  yaw: -187.34993
  pitch: 47.549995
ban:
  timeout: 0
