timestamps:
  login: 1701802893797
  logout: 1701803030396
ipAddress: 127.0.0.1
logoutlocation:
  world: world
  x: 135.30000001192093
  y: 59.0
  z: 145.5042912329526
  yaw: 297.60004
  pitch: 18.000002
lastlocation:
  world: world
  x: 135.30000001192093
  y: 59.78608123157454
  z: 145.65062100189695
  yaw: 275.7
  pitch: 9.900001
