timestamps:
  login: 1703702542996
  logout: 1703702583826
ipAddress: 127.0.0.1
logoutlocation:
  world: world
  x: 275.3612349181712
  y: 63.0
  z: 230.36109873885576
  yaw: 14.100007
  pitch: -16.95001
