timestamps:
  login: 1702337973862
  logout: 1702337996073
ipAddress: 127.0.0.1
lastlocation:
  world: world
  x: 206.4317412014946
  y: 61.0
  z: 217.30000001192093
  yaw: 163.35002
  pitch: 24.000002
logoutlocation:
  world: world
  x: 226.69999998807907
  y: 65.0
  z: 226.35032736953067
  yaw: 271.2938
  pitch: 22.89376
