timestamps:
  login: 1701714496484
  logout: 1701714496484
ipAddress: 127.0.0.1
logoutlocation:
  world: world
  x: 224.53871390118505
  y: 63.0
  z: 175.70724401334604
  yaw: -176.85002
  pitch: 77.7
