timestamps:
  login: 1701970456783
  logout: 1701970480221
ipAddress: 127.0.0.1
logoutlocation:
  world: world
  x: 248.08578493123719
  y: 63.0
  z: 166.11606961706673
  yaw: 239.62524
  pitch: 28.396997
