timestamps:
  login: 1699476721373
  logout: 1699476821795
ipAddress: 127.0.0.1
logoutlocation:
  world: world
  x: 289.1424727629342
  y: 62.0
  z: 37.47285233779098
  yaw: 169.65004
  pitch: 13.349993
