timestamps:
  login: 1701784948540
ipAddress: 127.0.0.1
logoutlocation:
  world: world
  x: 64.22522968630861
  y: 64.0
  z: 84.14422040407335
  yaw: 93.30001
  pitch: 16.499994
