timestamps:
  login: 1701802576711
  logout: 1701802619640
ipAddress: 127.0.0.1
logoutlocation:
  world: world
  x: 160.99572831813006
  y: 62.0
  z: 146.62701362550666
  yaw: 268.05002
  pitch: 18.45
