timestamps:
  login: 1699060494105
  logout: 1699060742974
ipAddress: 127.0.0.1
logoutlocation:
  world: world
  x: 223.86489686621636
  y: 66.0
  z: 208.52999317576592
  yaw: 271.2
  pitch: -7.200009
lastlocation:
  world: world
  x: 170.2863964233102
  y: 69.0049218658358
  z: 182.69999998807907
  yaw: -260.10004
  pitch: 35.550003
