timestamps:
  login: 1701965576759
  logout: 1701965875998
ipAddress: 127.0.0.1
logoutlocation:
  world: world
  x: 192.59098640427698
  y: 66.0
  z: 227.2819394471137
  yaw: 274.9502
  pitch: 24.600002
lastlocation:
  world: world
  x: 235.5893795432803
  y: 65.24918707874468
  z: 241.76711309301461
  yaw: 279.6001
  pitch: 16.800001
