timestamps:
  login: 1699373683897
  logout: 1699373750238
ipAddress: 127.0.0.1
logoutlocation:
  world: world
  x: 232.0321871605668
  y: 65.0
  z: 178.21701711343007
  yaw: 89.10004
  pitch: 19.800001
