timestamps:
  login: 1701990154084
  logout: 1701990777367
ipAddress: 127.0.0.1
logoutlocation:
  world: world
  x: 224.5
  y: 66.0
  z: 208.5
  yaw: 0.0
  pitch: 0.0
lastlocation:
  world: world
  x: 250.12919975269926
  y: 63.0
  z: 145.35535318805472
  yaw: 346.05005
  pitch: 63.749996
