timestamps:
  login: 1699061086388
  logout: 1699060742974
ipAddress: 127.0.0.1
logoutlocation:
  world: world
  x: 223.91157353122088
  y: 67.0
  z: 208.87429696368923
  yaw: 219.45001
  pitch: 44.700005
