timestamps:
  login: 1699559843832
  logout: 1699559970530
ipAddress: 127.0.0.1
logoutlocation:
  world: world
  x: 260.69999998807907
  y: 64.0
  z: 210.42462595707244
  yaw: 240.15002
  pitch: -38.099995
