timestamps:
  login: 1699463450726
  logout: 1699463485676
ipAddress: 127.0.0.1
logoutlocation:
  world: world
  x: 235.32176975129946
  y: 65.0
  z: 216.3072556853931
  yaw: 299.55002
  pitch: 15.450002
