timestamps:
  login: 1699463500486
  kits:
    tools: 1699463539001
  logout: 1699463702284
ipAddress: 127.0.0.1
logoutlocation:
  world: world
  x: 311.23254827135827
  y: 64.0
  z: 223.90322774232078
  yaw: -91.05001
  pitch: 3.9000003
