timestamps:
  login: 1702050999609
  logout: 1701967544043
ipAddress: 127.0.0.1
logoutlocation:
  world: world
  x: 266.36295427820335
  y: 65.0
  z: 286.4987346272517
  yaw: -21.187502
  pitch: -63.450012
