timestamps:
  login: 1701972398699
  logout: 1701972615864
ipAddress: 127.0.0.1
logoutlocation:
  world: world
  x: 295.16979018631594
  y: 66.0
  z: 294.49936072038963
  yaw: -14.9062805
  pitch: 30.900011
