timestamps:
  login: 1696502964209
  logout: 1696503035008
ipAddress: 127.0.0.1
logoutlocation:
  world: world
  x: 243.6707248720462
  y: 63.0
  z: 222.1663562773988
  yaw: 265.65002
  pitch: 12.150009
