timestamps:
  login: 1701712450880
ipAddress: 127.0.0.1
logoutlocation:
  world: world
  x: 216.5
  y: 65.0
  z: 216.5
  yaw: -30.900003
  pitch: -63.150005
