timestamps:
  login: 1701865121027
  logout: 1701865155249
ipAddress: 127.0.0.1
logoutlocation:
  world: world
  x: 216.5
  y: 65.0
  z: 199.5
  yaw: 11.700001
  pitch: -47.100006
