timestamps:
  login: 1701816088588
ipAddress: 127.0.0.1
logoutlocation:
  world: world
  x: 213.28662576995129
  y: 62.0
  z: 204.8420335428139
  yaw: 174.15001
  pitch: 3.9000003
