timestamps:
  login: 1701877826179
  logout: 1701877847981
ipAddress: 127.0.0.1
logoutlocation:
  world: world
  x: 225.5
  y: 66.0
  z: 206.5
  yaw: -39.750004
  pitch: -34.350002
