timestamps:
  login: 1704183423257
  logout: 1704183440053
ipAddress: 127.0.0.1
logoutlocation:
  world: world
  x: 222.5
  y: 65.0
  z: 208.5
  yaw: -186.75002
  pitch: 13.499995
