timestamps:
  login: 1699684624921
  logout: 1699684634012
ipAddress: 127.0.0.1
logoutlocation:
  world: world
  x: 223.5
  y: 70.0
  z: 198.5
  yaw: -38.250004
  pitch: 39.750004
