timestamps:
  login: 1702155883526
  logout: 1702155907465
ipAddress: 127.0.0.1
logoutlocation:
  world: world
  x: 229.5
  y: 64.0
  z: 217.5
  yaw: -3.4500003
  pitch: 11.700001
