timestamps:
  login: 1701736489636
  logout: 1701736503405
ipAddress: 127.0.0.1
logoutlocation:
  world: world
  x: 219.5
  y: 64.0
  z: 214.5
  yaw: 0.5999975
  pitch: -2.5500007
