timestamps:
  login: 1699160758475
  logout: 1699160788305
ipAddress: 127.0.0.1
logoutlocation:
  world: world
  x: 216.5
  y: 64.0
  z: 207.5
  yaw: 15.450002
  pitch: -24.900002
