timestamps:
  login: 1696208354378
  logout: 1696208368524
ipAddress: 127.0.0.1
logoutlocation:
  world: world
  x: 229.5
  y: 66.0
  z: 213.5
  yaw: -11.100001
  pitch: 18.750002
