timestamps:
  login: 1696526442791
  logout: 1696526512253
ipAddress: 127.0.0.1
logoutlocation:
  world: world
  x: 115.30000001192093
  y: 64.0
  z: 70.69999998807907
  yaw: 218.9999
  pitch: 81.75
