timestamps:
  login: 1696528189329
  logout: 1696528222279
ipAddress: 127.0.0.1
logoutlocation:
  world: world
  x: 224.6943444472409
  y: 66.0
  z: 207.7005764063081
  yaw: 105.15001
  pitch: 9.450001
