timestamps:
  login: 1698961958479
  logout: 1698961995245
ipAddress: 127.0.0.1
logoutlocation:
  world: world
  x: 218.5
  y: 65.0
  z: 208.5
  yaw: -43.350002
  pitch: -3.6000004
