timestamps:
  login: 1696347626576
  logout: 1696347684334
ipAddress: 127.0.0.1
logoutlocation:
  world: world
  x: 229.5
  y: 66.0
  z: 203.5
  yaw: 96.00001
  pitch: 42.750004
