timestamps:
  login: 1699031350140
  logout: 1699031352491
ipAddress: 127.0.0.1
logoutlocation:
  world: world
  x: 232.5
  y: 65.0
  z: 211.5
  yaw: 67.05001
  pitch: 1.3500009
