timestamps:
  login: 1702071277176
  logout: 1702071575440
ipAddress: 127.0.0.1
logoutlocation:
  world: world
  x: 225.24439100349053
  y: 66.16610926093821
  z: 212.61014833745128
  yaw: 120.09376
  pitch: 41.400013
