timestamps:
  login: 1702090115764
  logout: 1702090142146
ipAddress: 127.0.0.1
logoutlocation:
  world: world
  x: 215.5
  y: 62.0
  z: 207.5
  yaw: 43.800003
  pitch: -2.5500002
