timestamps:
  login: 1699559432241
  logout: 1699559454215
ipAddress: 127.0.0.1
logoutlocation:
  world: world
  x: 228.5
  y: 64.0
  z: 217.5
  yaw: 55.650005
  pitch: 9.150001
