timestamps:
  login: 1699476507255
  logout: 1699476480503
ipAddress: 127.0.0.1
logoutlocation:
  world: world
  x: 273.10649362049105
  y: 97.0
  z: 79.53852676878714
  yaw: -178.06897
  pitch: 86.025
