timestamps:
  login: 1699629095260
  logout: 1699629195645
ipAddress: 127.0.0.1
logoutlocation:
  world: world
  x: 230.5
  y: 66.0
  z: 202.5
  yaw: 96.600006
  pitch: -47.250004
