timestamps:
  login: 1701892152545
  logout: 1701892179858
ipAddress: 127.0.0.1
logoutlocation:
  world: world
  x: 224.5
  y: 68.0
  z: 211.5
  yaw: 2.2500002
  pitch: -49.200005
