timestamps:
  login: 1701999685976
  logout: 1701999712731
ipAddress: 127.0.0.1
logoutlocation:
  world: world
  x: 226.5
  y: 66.0
  z: 202.5
  yaw: -255.45003
  pitch: -28.05001
