timestamps:
  login: 1702090211874
  logout: 1702090517411
ipAddress: 127.0.0.1
logoutlocation:
  world: world
  x: 124.46109611680708
  y: 70.0
  z: 224.33487635680694
  yaw: 292.05017
  pitch: 4.3499923
