timestamps:
  login: 1699546556371
  logout: 1699546630174
ipAddress: 127.0.0.1
logoutlocation:
  world: world
  x: 147.50123610250645
  y: 59.0
  z: 147.60257553941068
  yaw: 0.14996338
  pitch: 25.049994
