timestamps:
  login: 1701607863712
  logout: 1701607881193
ipAddress: 127.0.0.1
logoutlocation:
  world: world
  x: 231.5
  y: 64.0
  z: 213.5
  yaw: 31.200003
  pitch: -60.900005
