timestamps:
  login: 1701784534793
  logout: 1701784614962
ipAddress: 127.0.0.1
logoutlocation:
  world: world
  x: 223.67137484632127
  y: 66.0
  z: 122.4850667723102
  yaw: 0.75000006
  pitch: -0.15000002
