timestamps:
  login: 1701715361697
  logout: 1701715367737
ipAddress: 127.0.0.1
logoutlocation:
  world: world
  x: 216.5
  y: 61.0
  z: 212.5
  yaw: 118.50001
  pitch: -3.0000002
