timestamps:
  login: 1702117073988
  logout: 1702117148728
ipAddress: 127.0.0.1
logoutlocation:
  world: world
  x: -400.43535300336833
  y: 66.0
  z: -221.55758448604354
  yaw: 84.4501
  pitch: 12.749993
