timestamps:
  login: 1696529207752
  logout: 1696529487252
ipAddress: 127.0.0.1
logoutlocation:
  world: world
  x: 89.69999998807907
  y: 63.0
  z: 69.30000001192093
  yaw: -170.55011
  pitch: 19.950003
