timestamps:
  login: 1701821212357
  logout: 1701821278431
ipAddress: 127.0.0.1
logoutlocation:
  world: world
  x: 229.5
  y: 64.0
  z: 215.5
  yaw: 358.20007
  pitch: -8.250011
