timestamps:
  login: 1698827707318
  logout: 1698827731674
ipAddress: 127.0.0.1
logoutlocation:
  world: world
  x: 232.5
  y: 66.0
  z: 199.5
  yaw: 34.500004
  pitch: -32.700005
