timestamps:
  login: 1701711631113
  logout: 1701711668883
ipAddress: 127.0.0.1
logoutlocation:
  world: world
  x: 215.5
  y: 66.0
  z: 199.5
  yaw: -215.40002
  pitch: 1.0500082
