timestamps:
  login: 1696514549276
  logout: 1696514556026
ipAddress: 127.0.0.1
logoutlocation:
  world: world
  x: 225.5
  y: 66.0
  z: 204.5
  yaw: 190.05002
  pitch: 29.550003
