timestamps:
  login: 1699661450093
ipAddress: 127.0.0.1
logoutlocation:
  world: world
  x: 214.5
  y: 65.0
  z: 202.5
  yaw: 111.60001
  pitch: -19.950003
