timestamps:
  login: 1701975922416
ipAddress: 127.0.0.1
logoutlocation:
  world: world
  x: 232.5
  y: 65.0
  z: 215.5
  yaw: 110.100006
  pitch: -9.150001
