timestamps:
  login: 1701444647840
  logout: 1701444664413
ipAddress: 127.0.0.1
logoutlocation:
  world: world
  x: 221.5
  y: 64.0
  z: 204.5
  yaw: -314.85004
  pitch: -61.800007
