timestamps:
  login: 1702030812710
  logout: 1702030867732
ipAddress: 127.0.0.1
logoutlocation:
  world: world
  x: 229.5
  y: 64.0
  z: 214.5
  yaw: -169.20001
  pitch: 54.300003
