timestamps:
  login: 1698930141337
  logout: 1698930171751
ipAddress: 127.0.0.1
logoutlocation:
  world: world
  x: 229.5
  y: 65.0
  z: 205.5
  yaw: -36.300003
  pitch: -8.700009
