timestamps:
  login: 1702043278972
  logout: 1702043561658
ipAddress: 127.0.0.1
logoutlocation:
  world: world
  x: 259.32894274499733
  y: 63.0
  z: 218.31497952195195
  yaw: -181.20007
  pitch: 33.299995
