timestamps:
  login: 1699704645869
  logout: 1699704772023
ipAddress: 127.0.0.1
logoutlocation:
  world: world
  x: 220.5
  y: 64.0
  z: 211.5
  yaw: 15.900002
  pitch: -44.100002
