timestamps:
  login: 1701795469260
  logout: 1701795497499
ipAddress: 127.0.0.1
logoutlocation:
  world: world
  x: 228.5
  y: 66.0
  z: 205.5
  yaw: -62.100006
  pitch: -1.5000001
