timestamps:
  login: 1689972973606
ipAddress: 127.0.0.1
logoutlocation:
  world: world
  x: 226.5
  y: 65.0
  z: 198.5
  yaw: -79.350006
  pitch: -39.600002
