timestamps:
  login: 1701714803134
  logout: 1701714870238
ipAddress: 127.0.0.1
logoutlocation:
  world: world
  x: 148.34444642533276
  y: 59.0
  z: 144.30000001192093
  yaw: -7.649972
  pitch: 44.999996
