timestamps:
  login: 1701781864986
  logout: 1701781890748
ipAddress: 127.0.0.1
logoutlocation:
  world: world
  x: 229.5
  y: 65.0
  z: 205.5
  yaw: -359.10004
  pitch: -37.649994
