timestamps:
  login: 1699640157572
  logout: 1699640150631
ipAddress: 127.0.0.1
logoutlocation:
  world: world
  x: 217.30000001192093
  y: 66.0
  z: 192.54839954720427
  yaw: 74.85004
  pitch: 31.500004
