timestamps:
  login: 1699367204495
  logout: 1699367325676
ipAddress: 127.0.0.1
logoutlocation:
  world: world
  x: 219.75334623380863
  y: 65.0
  z: 198.83603825603504
  yaw: -157.5001
  pitch: 21.900003
