timestamps:
  login: 1702072543004
  logout: 1702072649743
ipAddress: 127.0.0.1
logoutlocation:
  world: world
  x: 221.5
  y: 64.0
  z: 203.5
  yaw: 294.60004
  pitch: -0.75000197
