timestamps:
  login: 1702132988938
  logout: 1702133000207
ipAddress: 127.0.0.1
logoutlocation:
  world: world
  x: 234.66038436905652
  y: 63.0
  z: 222.69999998807907
  yaw: 122.10001
  pitch: -24.449995
