timestamps:
  login: 1701872188546
  logout: 1701872195582
ipAddress: 127.0.0.1
logoutlocation:
  world: world
  x: 215.5
  y: 62.0
  z: 207.5
  yaw: 197.70001
  pitch: 11.550001
