timestamps:
  login: 1704093290367
  logout: 1704093327805
ipAddress: 127.0.0.1
logoutlocation:
  world: world
  x: 228.5
  y: 66.0
  z: 201.5
  yaw: 0.45000136
  pitch: -50.399998
