timestamps:
  login: 1699599544532
  logout: 1699599616001
ipAddress: 127.0.0.1
logoutlocation:
  world: world
  x: 229.83924239284437
  y: 64.0
  z: 220.27938518955884
  yaw: 29.550003
  pitch: 20.250002
