timestamps:
  login: 1696439035302
  logout: 1696439066730
ipAddress: 127.0.0.1
logoutlocation:
  world: world
  x: 177.97989663920836
  y: 71.0
  z: 263.9695705241451
  yaw: -103.650055
  pitch: 19.199999
