timestamps:
  login: 1701592782964
  logout: 1701592793572
ipAddress: 127.0.0.1
logoutlocation:
  world: world
  x: 221.42987741501244
  y: 72.0
  z: 197.29392707280294
  yaw: 10.200001
  pitch: 38.100002
