timestamps:
  login: 1698862339043
  logout: 1698862357156
ipAddress: 127.0.0.1
logoutlocation:
  world: world
  x: 229.5
  y: 65.0
  z: 198.5
  yaw: 89.55001
  pitch: -37.050003
