timestamps:
  login: 1699559262049
  logout: 1699559316725
ipAddress: 127.0.0.1
logoutlocation:
  world: world
  x: 147.50666742053303
  y: 59.0
  z: 146.81664167901656
  yaw: -32.400024
  pitch: 35.700005
