timestamps:
  login: 1699287550388
  logout: 1699287566433
ipAddress: 127.0.0.1
logoutlocation:
  world: world
  x: 215.5
  y: 65.0
  z: 204.5
  yaw: 12.300001
  pitch: 13.050001
