timestamps:
  login: 1699392992620
  logout: 1699393011950
ipAddress: 127.0.0.1
logoutlocation:
  world: world
  x: 232.5
  y: 84.0
  z: 205.5
  yaw: -2.5500002
  pitch: 50.100006
