timestamps:
  login: 1701517545900
  logout: 1701517560278
ipAddress: 127.0.0.1
logoutlocation:
  world: world
  x: 219.73474901356587
  y: 64.0
  z: 214.9529645869602
  yaw: -66.450005
  pitch: 26.400002
