timestamps:
  login: 1696442606630
  logout: 1696442729231
ipAddress: 127.0.0.1
logoutlocation:
  world: world
  x: 219.5
  y: 65.0
  z: 206.5
  yaw: 132.75002
  pitch: -63.300007
