timestamps:
  login: 1699509226900
  logout: 1699509264207
ipAddress: 127.0.0.1
logoutlocation:
  world: world
  x: 217.5
  y: 65.0
  z: 205.5
  yaw: 106.80001
  pitch: 26.250002
