timestamps:
  login: 1699390203454
  logout: 1699390270203
ipAddress: 127.0.0.1
logoutlocation:
  world: world
  x: 231.5
  y: 90.0
  z: 206.5
  yaw: 26.700003
  pitch: -19.500002
