timestamps:
  login: 1701904055270
  logout: 1701904086371
ipAddress: 127.0.0.1
logoutlocation:
  world: world
  x: 206.70971891175122
  y: 64.0
  z: 213.304696826663
  yaw: -33.450005
  pitch: 22.2
