timestamps:
  login: 1696501605898
  logout: 1696501690009
ipAddress: 127.0.0.1
logoutlocation:
  world: world
  x: 220.5
  y: 64.0
  z: 203.5
  yaw: -3.4500003
  pitch: -20.700003
