timestamps:
  login: 1699599375036
  logout: 1699600362507
ipAddress: 127.0.0.1
logoutlocation:
  world: world
  x: 196.69999998807907
  y: 57.0
  z: 161.30000001192093
  yaw: 168.4502
  pitch: 19.349993
