timestamps:
  login: 1699550489440
  logout: 1699550503808
ipAddress: 127.0.0.1
logoutlocation:
  world: world
  x: 233.5
  y: 66.0
  z: 198.5
  yaw: -18.150002
  pitch: 34.200005
