timestamps:
  login: 1701819994383
  logout: 1701820014360
ipAddress: 127.0.0.1
logoutlocation:
  world: world
  x: 214.5
  y: 65.0
  z: 199.5
  yaw: 150.00002
  pitch: -55.650005
