timestamps:
  login: 1699000511807
  logout: 1699000721423
ipAddress: 127.0.0.1
logoutlocation:
  world: world
  x: 333.20110378930053
  y: 63.0
  z: 191.9337839927615
  yaw: 1.0500488
  pitch: 16.049994
