timestamps:
  login: 1702088760440
  logout: 1702088829644
ipAddress: 127.0.0.1
logoutlocation:
  world: world
  x: 233.5
  y: 88.0
  z: 211.5
  yaw: -102.75001
  pitch: 27.749994
