timestamps:
  login: 1701725106705
  logout: 1701725124903
ipAddress: 127.0.0.1
logoutlocation:
  world: world
  x: 226.5
  y: 66.0
  z: 204.5
  yaw: -104.70001
  pitch: -14.400002
