timestamps:
  login: 1701968341937
  logout: 1701968433623
ipAddress: 127.0.0.1
logoutlocation:
  world: world
  x: 221.5
  y: 64.0
  z: 200.5
  yaw: 110.55001
  pitch: 10.500001
