timestamps:
  login: 1699020424174
  logout: 1699020556978
ipAddress: 127.0.0.1
logoutlocation:
  world: world
  x: 171.87111618143672
  y: 70.24918707874468
  z: 179.81069670558958
  yaw: 270.60004
  pitch: 79.5
