timestamps:
  login: 1701601482916
  logout: 1701601627061
ipAddress: 127.0.0.1
logoutlocation:
  world: world
  x: 220.47832160682165
  y: 65.0
  z: 190.28706722726494
  yaw: 157.89032
  pitch: 17.27837
