timestamps:
  login: 1696512375168
  logout: 1696512386026
ipAddress: 127.0.0.1
logoutlocation:
  world: world
  x: 223.5
  y: 65.0
  z: 216.5
  yaw: -61.800003
  pitch: 6.6000004
