timestamps:
  login: 1699492581700
  logout: 1699492603745
ipAddress: 127.0.0.1
logoutlocation:
  world: world
  x: 227.5
  y: 66.0
  z: 205.5
  yaw: -47.700005
  pitch: -33.750004
