timestamps:
  login: 1699700489406
  logout: 1699701035060
ipAddress: 127.0.0.1
logoutlocation:
  world: world
  x: 224.5
  y: 66.0
  z: 208.5
  yaw: 0.0
  pitch: 0.0
lastlocation:
  world: world
  x: 229.76743063333632
  y: 62.0
  z: 223.30199780603368
  yaw: -84.15015
  pitch: 53.549995
