timestamps:
  login: 1696256098043
  logout: 1696256284211
ipAddress: 127.0.0.1
logoutlocation:
  world: world
  x: 285.69999998807907
  y: 62.0
  z: 144.50360424868245
  yaw: -72.75012
  pitch: 15.149993
