timestamps:
  login: 1701781619442
  logout: 1701781670754
ipAddress: 127.0.0.1
logoutlocation:
  world: world
  x: 232.4456010229363
  y: 87.0
  z: 212.4192687845725
  yaw: 99.600006
  pitch: 37.65
