timestamps:
  login: 1696510951107
  logout: 1696511016026
ipAddress: 127.0.0.1
logoutlocation:
  world: world
  x: 219.5
  y: 65.0
  z: 199.5
  yaw: 82.20004
  pitch: 15.300001
