timestamps:
  login: 1699675434418
  logout: 1699675440647
ipAddress: 127.0.0.1
logoutlocation:
  world: world
  x: 217.14396523028813
  y: 67.0
  z: 244.02583208211314
  yaw: 94.80001
  pitch: 20.250002
