timestamps:
  login: 1735794256216
  logout: 1735794429916
ipAddress: 127.0.0.1
logoutlocation:
  world: world
  x: 220.5
  y: 64.0
  z: 205.5
  yaw: 342.30002
  pitch: -41.250004
