timestamps:
  login: 1699543455484
  logout: 1699543538373
ipAddress: 127.0.0.1
logoutlocation:
  world: world
  x: 219.5
  y: 65.0
  z: 198.5
  yaw: 16.650002
  pitch: 6.1500006
