timestamps:
  login: 1701850548090
  logout: 1701850562751
ipAddress: 127.0.0.1
logoutlocation:
  world: world
  x: 222.5
  y: 65.0
  z: 202.5
  yaw: -298.65002
  pitch: -82.50001
