timestamps:
  login: 1699000384105
ipAddress: 127.0.0.1
logoutlocation:
  world: world
  x: 220.5
  y: 64.0
  z: 205.5
  yaw: -15.150002
  pitch: -30.000002
