timestamps:
  login: 1702071938295
  logout: 1702071961020
ipAddress: 127.0.0.1
logoutlocation:
  world: world
  x: 215.5
  y: 64.0
  z: 205.5
  yaw: -14.100001
  pitch: -55.800007
