logoutlocation:
  world: world
  x: 214.5
  y: 56.0
  z: 212.5
  yaw: -88.350006
  pitch: -20.250002
timestamps:
  login: 1698883153219
ipAddress: 127.0.0.1
