timestamps:
  login: 1699034008812
ipAddress: 127.0.0.1
lastlocation:
  world: world
  x: 159.3382841678203
  y: 67.4807108763317
  z: 198.34866327501086
  yaw: 44.7
  pitch: 34.050003
