timestamps:
  login: 1699382249868
ipAddress: 127.0.0.1
logoutlocation:
  world: world
  x: 196.85508963631293
  y: 64.0
  z: 221.77696059025112
  yaw: 230.90627
  pitch: 21.90001
