timestamps:
  login: 1701781720894
  logout: 1701781730748
ipAddress: 127.0.0.1
logoutlocation:
  world: world
  x: 226.5
  y: 66.0
  z: 201.5
  yaw: -24.150002
  pitch: 1.9500002
