timestamps:
  login: 1699386926099
  logout: 1699386968092
ipAddress: 127.0.0.1
logoutlocation:
  world: world
  x: 240.1018859315361
  y: 63.0
  z: 222.5505458749625
  yaw: -69.450005
  pitch: 60.300007
