timestamps:
  login: 1699217585306
  logout: 1699217642243
ipAddress: 127.0.0.1
logoutlocation:
  world: world
  x: 214.5
  y: 66.0
  z: 199.5
  yaw: -199.95001
  pitch: 4.2000084
