timestamps:
  login: 1699471089166
  logout: 1699471102291
ipAddress: 127.0.0.1
logoutlocation:
  world: world
  x: 219.5
  y: 65.0
  z: 209.5
  yaw: -7.0500007
  pitch: -51.000004
