timestamps:
  login: 1699651128382
  logout: 1699651136940
ipAddress: 127.0.0.1
logoutlocation:
  world: world
  x: 220.5
  y: 64.0
  z: 202.5
  yaw: -226.05005
  pitch: 14.550001
