timestamps:
  login: 1699637364892
  logout: 1699637404567
ipAddress: 127.0.0.1
logoutlocation:
  world: world
  x: 227.5
  y: 62.0
  z: 210.5
  yaw: 88.50001
  pitch: -56.100006
