timestamps:
  login: 1699018974174
  logout: 1699019019421
ipAddress: 127.0.0.1
logoutlocation:
  world: world
  x: 215.3580062419776
  y: 65.0
  z: 225.06450861105978
  yaw: 350.10004
  pitch: 28.500002
