timestamps:
  login: 1699566116324
  logout: 1699566515093
ipAddress: 127.0.0.1
logoutlocation:
  world: world
  x: 257.14191997000603
  y: 81.0
  z: 388.04412710610654
  yaw: 43.649967
  pitch: 30.750004
