timestamps:
  login: 1698861995124
  logout: 1698862027156
ipAddress: 127.0.0.1
logoutlocation:
  world: world
  x: 233.5
  y: 65.0
  z: 201.5
  yaw: 24.450003
  pitch: -53.100006
