timestamps:
  login: 1701994784233
  logout: 1701994805495
ipAddress: 127.0.0.1
logoutlocation:
  world: world
  x: 227.5
  y: 66.0
  z: 200.5
  yaw: 103.95001
  pitch: 11.550001
