timestamps:
  login: 1699374699749
  logout: 1699374706227
ipAddress: 127.0.0.1
logoutlocation:
  world: world
  x: 229.5
  y: 65.0
  z: 199.5
  yaw: 10.800001
  pitch: -12.600001
