timestamps:
  login: 1701624938925
  logout: 1701624957528
ipAddress: 127.0.0.1
logoutlocation:
  world: world
  x: 227.5
  y: 66.0
  z: 204.5
  yaw: -182.10002
  pitch: -40.350002
