timestamps:
  login: 1701968630530
  logout: 1701968636122
ipAddress: 127.0.0.1
logoutlocation:
  world: world
  x: 214.5
  y: 66.0
  z: 198.5
  yaw: -95.70001
  pitch: -83.25001
