timestamps:
  login: 1699021348200
  logout: 1699021385552
ipAddress: 127.0.0.1
logoutlocation:
  world: world
  x: 216.5
  y: 62.0
  z: 214.5
  yaw: -81.30001
  pitch: -7.0500007
