timestamps:
  login: 1699027536524
  logout: 1699024304777
ipAddress: 127.0.0.1
logoutlocation:
  world: world
  x: 305.48038588401084
  y: 65.0
  z: 144.32997174265614
  yaw: 326.1001
  pitch: 41.400005
