timestamps:
  login: 1701972555621
  logout: 1701972863633
ipAddress: 127.0.0.1
logoutlocation:
  world: world
  x: 246.30000001192087
  y: 63.0
  z: 228.78348808047673
  yaw: 50.981293
  pitch: -56.174995
