timestamps:
  login: 1701458714856
  logout: 1701458811660
ipAddress: 127.0.0.1
logoutlocation:
  world: world
  x: 243.5355950322014
  y: 64.0
  z: 201.2900052225754
  yaw: 175.35002
  pitch: -89.85
