timestamps:
  login: 1701816088528
ipAddress: 127.0.0.1
logoutlocation:
  world: world
  x: 202.4718510221351
  y: 67.0
  z: 183.36356088886885
  yaw: 168.30002
  pitch: 21.000002
