timestamps:
  login: 1698854594115
  logout: 1698854715434
ipAddress: 127.0.0.1
logoutlocation:
  world: world
  x: 158.49652673481393
  y: 66.0
  z: 253.29946426754822
  yaw: 48.630867
  pitch: 17.204315
