timestamps:
  login: 1699641603897
  logout: 1699642111605
ipAddress: 127.0.0.1
logoutlocation:
  world: world
  x: 345.2611357178676
  y: 73.0
  z: 109.69033960578552
  yaw: -266.0937
  pitch: 15.2185755
lastlocation:
  world: world
  x: 259.9921185444156
  y: 64.0155550727022
  z: 209.94729879489267
  yaw: -43.526917
  pitch: 69.197266
