timestamps:
  login: 1699666809473
  logout: 1699667202639
ipAddress: 127.0.0.1
lastlocation:
  world: world
  x: 112.69999998807909
  y: 65.0
  z: 186.52696449267407
  yaw: -83.85004
  pitch: 3.3000083
logoutlocation:
  world: world
  x: 112.69999998807909
  y: 65.0
  z: 186.52696449267407
  yaw: -83.85004
  pitch: 3.3000083
