timestamps:
  login: 1699478754453
  logout: 1699478764296
ipAddress: 127.0.0.1
logoutlocation:
  world: world
  x: 225.40067971221055
  y: 67.0
  z: 210.27306698094998
  yaw: -189.93843
  pitch: 7.688177
